  2.9975990e-001  9.1014400e-001
  3.0369869e-001  9.0766136e-001
  3.0566809e-001  9.0642004e-001
  3.0763748e-001  9.0517872e-001
  3.0960688e-001  9.0393740e-001
  3.1157628e-001  9.0269608e-001
  3.1354567e-001  9.0145476e-001
  3.1551507e-001  9.0021344e-001
  3.1748447e-001  8.9897212e-001
  3.1945386e-001  8.9773080e-001
  3.2142326e-001  8.9648948e-001
  3.2339265e-001  8.9524816e-001
  3.2536205e-001  8.9400684e-001
  3.2733145e-001  8.9276552e-001
  3.2930084e-001  8.9152420e-001
  3.3123388e-001  8.9022973e-001
  3.3310455e-001  8.8884409e-001
  3.3497521e-001  8.8745844e-001
  3.3684588e-001  8.8607280e-001
  3.3871654e-001  8.8468716e-001
  3.4058721e-001  8.8330151e-001
  3.4245787e-001  8.8191587e-001
  3.4432854e-001  8.8053023e-001
  3.4619921e-001  8.7914458e-001
  3.4806987e-001  8.7775894e-001
  3.4994054e-001  8.7637330e-001
  3.5181120e-001  8.7498765e-001
  3.5368187e-001  8.7360201e-001
  3.5555253e-001  8.7221636e-001
  3.5742320e-001  8.7083072e-001
  3.5929386e-001  8.6944508e-001
  3.6116453e-001  8.6805943e-001
  3.6303520e-001  8.6667379e-001
  3.6490586e-001  8.6528815e-001
  3.6677653e-001  8.6390250e-001
  3.6864719e-001  8.6251686e-001
  3.7051786e-001  8.6113122e-001
  3.7238852e-001  8.5974557e-001
  3.7425919e-001  8.5835993e-001
  3.7612986e-001  8.5697429e-001
  3.7800052e-001  8.5558864e-001
  3.7987119e-001  8.5420300e-001
  3.8174185e-001  8.5281736e-001
  3.8361252e-001  8.5143171e-001
  3.8548318e-001  8.5004607e-001
  3.8735385e-001  8.4866042e-001
  3.8922452e-001  8.4727478e-001
  3.9109518e-001  8.4588914e-001
  3.9296585e-001  8.4450349e-001
  3.9483651e-001  8.4311785e-001
  3.9670718e-001  8.4173221e-001
  3.9857784e-001  8.4034656e-001
  4.0044851e-001  8.3896092e-001
  4.0231917e-001  8.3757528e-001
  4.0418984e-001  8.3618963e-001
  4.0606051e-001  8.3480399e-001
  4.0793117e-001  8.3341835e-001
  4.0980184e-001  8.3203270e-001
  4.1160861e-001  8.3056563e-001
  4.1339934e-001  8.2907812e-001
  4.1519006e-001  8.2759061e-001
  4.1698079e-001  8.2610310e-001
  4.1877152e-001  8.2461559e-001
  4.2056149e-001  8.2312718e-001
  4.2233166e-001  8.2161525e-001
  4.2410182e-001  8.2010333e-001
  4.2587198e-001  8.1859140e-001
  4.2764215e-001  8.1707948e-001
  4.2941231e-001  8.1556755e-001
  4.3118248e-001  8.1405563e-001
  4.3295264e-001  8.1254370e-001
  4.3471320e-001  8.1102065e-001
  4.3646795e-001  8.0949087e-001
  4.3821809e-001  8.0795630e-001
  4.3980845e-001  8.0625625e-001
  4.4139881e-001  8.0455621e-001
  4.4298916e-001  8.0285616e-001
  4.4457952e-001  8.0115611e-001
  4.4616988e-001  7.9945606e-001
  4.4776023e-001  7.9775602e-001
  4.4935059e-001  7.9605597e-001
  4.5094095e-001  7.9435592e-001
  4.5253131e-001  7.9265587e-001
  4.5412166e-001  7.9095582e-001
  4.5571202e-001  7.8925578e-001
  4.5730238e-001  7.8755573e-001
  4.5889273e-001  7.8585568e-001
  4.6048309e-001  7.8415563e-001
  4.6207345e-001  7.8245559e-001
  4.6366381e-001  7.8075554e-001
  4.6525416e-001  7.7905549e-001
  4.6684452e-001  7.7735544e-001
  4.6843488e-001  7.7565540e-001
  4.7002523e-001  7.7395535e-001
  4.7161559e-001  7.7225530e-001
  4.7320595e-001  7.7055525e-001
  4.7479631e-001  7.6885520e-001
  4.7638666e-001  7.6715516e-001
  4.7797702e-001  7.6545511e-001
  4.7956738e-001  7.6375506e-001
  4.8115773e-001  7.6205501e-001
  4.8274809e-001  7.6035497e-001
  4.8433845e-001  7.5865492e-001
  4.8592881e-001  7.5695487e-001
  4.8751916e-001  7.5525482e-001
  4.8910952e-001  7.5355478e-001
  4.9069988e-001  7.5185473e-001
  4.9229023e-001  7.5015468e-001
  4.9388059e-001  7.4845463e-001
  4.9547095e-001  7.4675458e-001
  4.9706131e-001  7.4505454e-001
  4.9865166e-001  7.4335449e-001
  5.0024202e-001  7.4165444e-001
  5.0183238e-001  7.3995439e-001
  5.0342273e-001  7.3825435e-001
  5.0501309e-001  7.3655430e-001
  5.0660345e-001  7.3485425e-001
  5.0819380e-001  7.3315420e-001
  5.0978416e-001  7.3145416e-001
  5.1137452e-001  7.2975411e-001
  5.1296488e-001  7.2805406e-001
  5.1455523e-001  7.2635401e-001
  5.1614559e-001  7.2465397e-001
  5.1773595e-001  7.2295392e-001
  5.1932630e-001  7.2125387e-001
  5.2091666e-001  7.1955382e-001
  5.2250702e-001  7.1785377e-001
  5.2409738e-001  7.1615373e-001
  5.2568773e-001  7.1445368e-001
  5.2727809e-001  7.1275363e-001
  5.2886845e-001  7.1105358e-001
  5.3045880e-001  7.0935354e-001
  5.3204916e-001  7.0765349e-001
  5.3363952e-001  7.0595344e-001
  5.3522988e-001  7.0425339e-001
  5.3682023e-001  7.0255335e-001
  5.3841059e-001  7.0085330e-001
  5.4000095e-001  6.9915325e-001
  5.4159130e-001  6.9745320e-001
  5.4318166e-001  6.9575315e-001
  5.4477202e-001  6.9405311e-001
  5.4636238e-001  6.9235306e-001
  5.4795273e-001  6.9065301e-001
  5.4954309e-001  6.8895296e-001
  5.5113345e-001  6.8725292e-001
  5.5272380e-001  6.8555287e-001
  5.5431416e-001  6.8385282e-001
  5.5590452e-001  6.8215277e-001
  5.5749488e-001  6.8045273e-001
  5.5908523e-001  6.7875268e-001
  5.6067559e-001  6.7705263e-001
  5.6226595e-001  6.7535258e-001
  5.6385630e-001  6.7365253e-001
  5.6544666e-001  6.7195249e-001
  5.6703702e-001  6.7025244e-001
  5.6862738e-001  6.6855239e-001
  5.7021773e-001  6.6685234e-001
  5.7180809e-001  6.6515230e-001
  5.7339845e-001  6.6345225e-001
  5.7498880e-001  6.6175220e-001
  5.7657916e-001  6.6005215e-001
  5.7816952e-001  6.5835211e-001
  5.7975988e-001  6.5665206e-001
  5.8135023e-001  6.5495201e-001
  5.8294059e-001  6.5325196e-001
  5.8453095e-001  6.5155192e-001
  5.8612130e-001  6.4985187e-001
  5.8771166e-001  6.4815182e-001
  5.8930202e-001  6.4645177e-001
  5.9089238e-001  6.4475172e-001
  5.9248273e-001  6.4305168e-001
  5.9407309e-001  6.4135163e-001
  5.9566345e-001  6.3965158e-001
  5.9725380e-001  6.3795153e-001
  5.9884416e-001  6.3625149e-001
  6.0043452e-001  6.3455144e-001
  6.0202488e-001  6.3285139e-001
  6.0361523e-001  6.3115134e-001
  6.0520559e-001  6.2945130e-001
  6.0679595e-001  6.2775125e-001
  6.0838630e-001  6.2605120e-001
  6.0997666e-001  6.2435115e-001
  6.1156702e-001  6.2265110e-001
  6.1315738e-001  6.2095106e-001
  6.1474773e-001  6.1925101e-001
  6.1633809e-001  6.1755096e-001
  6.1792845e-001  6.1585091e-001
  6.1951880e-001  6.1415087e-001
  6.2110916e-001  6.1245082e-001
  6.2269952e-001  6.1075077e-001
  6.2428988e-001  6.0905072e-001
  6.2588023e-001  6.0735068e-001
  6.2747059e-001  6.0565063e-001
  6.2906095e-001  6.0395058e-001
  6.3065130e-001  6.0225053e-001
  6.3210803e-001  6.0043555e-001
  6.3355109e-001  5.9860881e-001
  6.3499415e-001  5.9678207e-001
  6.3643199e-001  5.9495122e-001
  6.3786950e-001  5.9312011e-001
  6.3929784e-001  5.9128189e-001
  6.4071268e-001  5.8943321e-001
  6.4212752e-001  5.8758453e-001
  6.4354236e-001  5.8573585e-001
  6.4495720e-001  5.8388717e-001
  6.4637205e-001  5.8203849e-001
  6.4778689e-001  5.8018981e-001
  6.4920173e-001  5.7834112e-001
  6.5061657e-001  5.7649244e-001
  6.5203141e-001  5.7464376e-001
  6.5344626e-001  5.7279508e-001
  6.5486110e-001  5.7094640e-001
  6.5627594e-001  5.6909772e-001
  6.5769078e-001  5.6724904e-001
  6.5910562e-001  5.6540036e-001
  6.6052047e-001  5.6355168e-001
  6.6193531e-001  5.6170300e-001
  6.6335015e-001  5.5985432e-001
  6.6476499e-001  5.5800564e-001
  6.6617984e-001  5.5615696e-001
  6.6759468e-001  5.5430828e-001
  6.6898876e-001  5.5244394e-001
  6.7037691e-001  5.5057514e-001
  6.7176507e-001  5.4870634e-001
  6.7315322e-001  5.4683754e-001
  6.7454138e-001  5.4496873e-001
  6.7592954e-001  5.4309993e-001
  6.7731769e-001  5.4123113e-001
  6.7869543e-001  5.3935476e-001
  6.8004409e-001  5.3745726e-001
  6.8139275e-001  5.3555975e-001
  6.8274141e-001  5.3366225e-001
  6.8409007e-001  5.3176475e-001
  6.8543873e-001  5.2986725e-001
  6.8678739e-001  5.2796974e-001
  6.8813605e-001  5.2607224e-001
  6.8948471e-001  5.2417474e-001
  6.9083337e-001  5.2227724e-001
  6.9218203e-001  5.2037973e-001
  6.9353069e-001  5.1848223e-001
  6.9487935e-001  5.1658473e-001
  6.9622801e-001  5.1468723e-001
  6.9757667e-001  5.1278973e-001
  6.9892533e-001  5.1089222e-001
  7.0027398e-001  5.0899472e-001
  7.0162264e-001  5.0709722e-001
  7.0297130e-001  5.0519972e-001
  7.0431996e-001  5.0330221e-001
  7.0566862e-001  5.0140471e-001
  7.0701728e-001  4.9950721e-001
  7.0836594e-001  4.9760971e-001
  7.0971460e-001  4.9571220e-001
  7.1106326e-001  4.9381470e-001
  7.1241192e-001  4.9191720e-001
  7.1376058e-001  4.9001970e-001
  7.1510924e-001  4.8812219e-001
  7.1645790e-001  4.8622469e-001
  7.1780656e-001  4.8432719e-001
  7.1915522e-001  4.8242969e-001
  7.2050388e-001  4.8053218e-001
  7.2185254e-001  4.7863468e-001
  7.2320120e-001  4.7673718e-001
  7.2454986e-001  4.7483968e-001
  7.2589852e-001  4.7294217e-001
  7.2724717e-001  4.7104467e-001
  7.2859583e-001  4.6914717e-001
  7.2991168e-001  4.6722678e-001
  7.3122707e-001  4.6530606e-001
  7.3253476e-001  4.6338010e-001
  7.3383968e-001  4.6145226e-001
  7.3514460e-001  4.5952441e-001
  7.3644952e-001  4.5759657e-001
  7.3775443e-001  4.5566872e-001
  7.3905935e-001  4.5374087e-001
  7.4036427e-001  4.5181303e-001
  7.4166919e-001  4.4988518e-001
  7.4297411e-001  4.4795734e-001
  7.4427902e-001  4.4602949e-001
  7.4558394e-001  4.4410165e-001
  7.4687487e-001  4.4216442e-001
  7.4816312e-001  4.4022540e-001
  7.4945137e-001  4.3828638e-001
  7.5073962e-001  4.3634736e-001
  7.5202788e-001  4.3440833e-001
  7.5331613e-001  4.3246931e-001
  7.5460438e-001  4.3053029e-001
  7.5589263e-001  4.2859127e-001
  7.5718088e-001  4.2665225e-001
  7.5846913e-001  4.2471322e-001
  7.5975421e-001  4.2277211e-001
  7.6103206e-001  4.2082621e-001
  7.6230991e-001  4.1888032e-001
  7.6358706e-001  4.1693397e-001
  7.6485951e-001  4.1498454e-001
  7.6613195e-001  4.1303511e-001
  7.6740440e-001  4.1108568e-001
  7.6867589e-001  4.0913563e-001
  7.6992913e-001  4.0717380e-001
  7.7118236e-001  4.0521196e-001
  7.7243560e-001  4.0325013e-001
  7.7368884e-001  4.0128829e-001
  7.7494207e-001  3.9932646e-001
  7.7619531e-001  3.9736462e-001
  7.7744855e-001  3.9540279e-001
  7.7870178e-001  3.9344095e-001
  7.7995502e-001  3.9147912e-001
  7.8120825e-001  3.8951728e-001
  7.8246149e-001  3.8755545e-001
  7.8371473e-001  3.8559361e-001
  7.8496796e-001  3.8363178e-001
  7.8622120e-001  3.8166994e-001
  7.8747443e-001  3.7970811e-001
  7.8872767e-001  3.7774627e-001
  7.8998091e-001  3.7578444e-001
  7.9123414e-001  3.7382260e-001
  7.9248738e-001  3.7186077e-001
  7.9374062e-001  3.6989893e-001
  7.9499385e-001  3.6793710e-001
  7.9624709e-001  3.6597526e-001
  7.9748782e-001  3.6400554e-001
  7.9871863e-001  3.6202955e-001
  7.9994944e-001  3.6005357e-001
  8.0118025e-001  3.5807759e-001
  8.0241106e-001  3.5610161e-001
  8.0364187e-001  3.5412563e-001
  8.0487268e-001  3.5214965e-001
  8.0610349e-001  3.5017367e-001
  8.0733430e-001  3.4819769e-001
  8.0856512e-001  3.4622170e-001
  8.0978319e-001  3.4423785e-001
  8.1100057e-001  3.4225357e-001
  8.1221796e-001  3.4026928e-001
  8.1343534e-001  3.3828500e-001
  8.1465272e-001  3.3630072e-001
  8.1587010e-001  3.3431644e-001
  8.1708748e-001  3.3233215e-001
  8.1830487e-001  3.3034787e-001
  8.1952225e-001  3.2836359e-001
  8.2073963e-001  3.2637930e-001
  8.2195306e-001  3.2439261e-001
  8.2316099e-001  3.2240256e-001
  8.2436407e-001  3.2040957e-001
  8.2556714e-001  3.1841658e-001
  8.2677022e-001  3.1642359e-001
  8.2797330e-001  3.1443060e-001
  8.2917637e-001  3.1243761e-001
  8.3037945e-001  3.1044463e-001
  8.3158253e-001  3.0845164e-001
  8.3278560e-001  3.0645865e-001
  8.3398458e-001  3.0446321e-001
  8.3516786e-001  3.0245841e-001
  8.3635114e-001  3.0045360e-001
  8.3753443e-001  2.9844880e-001
  8.3871771e-001  2.9644399e-001
  8.3990099e-001  2.9443919e-001
  8.4108427e-001  2.9243438e-001
  8.4226755e-001  2.9042958e-001
  8.4345083e-001  2.8842477e-001
  8.4463412e-001  2.8641997e-001
  8.4581740e-001  2.8441516e-001
  8.4700068e-001  2.8241036e-001
  8.4818396e-001  2.8040555e-001
  8.4936724e-001  2.7840075e-001
  8.5055053e-001  2.7639595e-001
  8.5173381e-001  2.7439114e-001
  8.5291709e-001  2.7238634e-001
  8.5410037e-001  2.7038153e-001
  8.5528365e-001  2.6837673e-001
  8.5646693e-001  2.6637192e-001
  8.5765022e-001  2.6436712e-001
  8.5883350e-001  2.6236231e-001
  8.6001678e-001  2.6035751e-001
  8.6118164e-001  2.5834203e-001
  8.6233212e-001  2.5631823e-001
  8.6348260e-001  2.5429442e-001
  8.6463309e-001  2.5227061e-001
  8.6578357e-001  2.5024681e-001
  8.6693405e-001  2.4822300e-001
  8.6808453e-001  2.4619920e-001
  8.6923501e-001  2.4417539e-001
  8.7038550e-001  2.4215159e-001
  8.7153598e-001  2.4012778e-001
  8.7268646e-001  2.3810397e-001
  8.7383694e-001  2.3608017e-001
  8.7498742e-001  2.3405636e-001
  8.7613790e-001  2.3203256e-001
  8.7728839e-001  2.3000875e-001
  8.7843887e-001  2.2798495e-001
  8.7958935e-001  2.2596114e-001
  8.8073983e-001  2.2393733e-001
  8.8189031e-001  2.2191353e-001
  8.8304079e-001  2.1988972e-001
  8.8419128e-001  2.1786592e-001
  8.8534176e-001  2.1584211e-001
  8.8649224e-001  2.1381831e-001
  8.8764272e-001  2.1179450e-001
  8.8879320e-001  2.0977069e-001
  8.8994369e-001  2.0774689e-001
  8.9109417e-001  2.0572308e-001
  8.9224465e-001  2.0369928e-001
  8.9339513e-001  2.0167547e-001
  8.9454561e-001  1.9965167e-001
  8.9569609e-001  1.9762786e-001
  8.9684658e-001  1.9560405e-001
  8.9799706e-001  1.9358025e-001
  8.9913772e-001  1.9155092e-001
  9.0026844e-001  1.8951601e-001
  9.0139797e-001  1.8748044e-001
  9.0252655e-001  1.8544434e-001
  9.0365235e-001  1.8340670e-001
  9.0477815e-001  1.8136906e-001
  9.0590394e-001  1.7933142e-001
  9.0702974e-001  1.7729377e-001
  9.0815442e-001  1.7525552e-001
  9.0927366e-001  1.7321428e-001
  9.1038648e-001  1.7116952e-001
  9.1149929e-001  1.6912476e-001
  9.1261210e-001  1.6708000e-001
  9.1372492e-001  1.6503524e-001
  9.1483773e-001  1.6299048e-001
  9.1595055e-001  1.6094572e-001
  9.1706336e-001  1.5890096e-001
  9.1817617e-001  1.5685620e-001
  9.1928899e-001  1.5481144e-001
  9.2040180e-001  1.5276668e-001
  9.2151462e-001  1.5072192e-001
  9.2262743e-001  1.4867716e-001
  9.2374024e-001  1.4663240e-001
  9.2485306e-001  1.4458764e-001
  9.2596587e-001  1.4254288e-001
  9.2707869e-001  1.4049812e-001
  9.2819150e-001  1.3845336e-001
  9.2929467e-001  1.3640340e-001
  9.3039300e-001  1.3435082e-001
  9.3149133e-001  1.3229824e-001
  9.3258966e-001  1.3024566e-001
  9.3368798e-001  1.2819309e-001
  9.3478631e-001  1.2614051e-001
  9.3588464e-001  1.2408793e-001
  9.3698297e-001  1.2203535e-001
  9.3808129e-001  1.1998278e-001
  9.3917962e-001  1.1793020e-001
  9.4027781e-001  1.1587755e-001
  9.4136884e-001  1.1382108e-001
  9.4245987e-001  1.1176462e-001
  9.4355090e-001  1.0970815e-001
  9.4464187e-001  1.0765165e-001
  9.4572836e-001  1.0559278e-001
  9.4681485e-001  1.0353392e-001
  9.4790134e-001  1.0147505e-001
  9.4898784e-001  9.9416184e-002
  9.5007433e-001  9.7357317e-002
  9.5115827e-001  9.5297106e-002
  9.5224116e-001  9.3236344e-002
  9.5332210e-001  9.1174557e-002
  9.5440246e-001  8.9112466e-002
  9.5548282e-001  8.7050376e-002
  9.5656184e-001  8.4987581e-002
  9.5763800e-001  8.2923297e-002
  9.5871417e-001  8.0859012e-002
  9.5979033e-001  7.8794728e-002
  9.6086649e-001  7.6730444e-002
  9.6194266e-001  7.4666159e-002
  9.6301346e-001  7.2599092e-002
  9.6408412e-001  7.0531948e-002
  9.6515478e-001  6.8464803e-002
  9.6622544e-001  6.6397659e-002
  9.6729610e-001  6.4330514e-002
  9.6836676e-001  6.2263370e-002
  9.6943452e-001  6.0194728e-002
  9.7050067e-001  5.8125254e-002
  9.7156682e-001  5.6055781e-002
  9.7263234e-001  5.3985979e-002
  9.7369630e-001  5.1915380e-002
  9.7475911e-001  4.9844189e-002
  9.7582133e-001  4.7772696e-002
  9.7688246e-001  4.5700642e-002
  9.7794261e-001  4.3628092e-002
  9.7900049e-001  4.1554378e-002
  9.8005803e-001  3.9480488e-002
  9.8111556e-001  3.7406598e-002
  9.8217310e-001  3.5332708e-002
  9.8323009e-001  3.3258544e-002
  9.8428409e-001  3.1182855e-002
  9.8533786e-001  2.9107051e-002
  9.8639163e-001  2.7031246e-002
  9.8744367e-001  2.4954565e-002
  9.8849491e-001  2.2877477e-002
  9.8954524e-001  2.0799929e-002
  9.9059475e-001  1.8721965e-002
  9.9164330e-001  1.6643517e-002
  9.9269075e-001  1.4564516e-002
  9.9373772e-001  1.2485275e-002
  9.9478336e-001  1.0405363e-002
  9.9582866e-001  8.3252789e-003
  9.9687278e-001  6.2446026e-003
  9.9791607e-001  4.1635099e-003
  1.0000000e+000  8.4821039e-013
