 -2.9998574e-001  1.3498396e+000
 -2.9793716e-001  1.3470771e+000
 -2.9691185e-001  1.3456967e+000
 -2.9588587e-001  1.3443167e+000
 -2.9485921e-001  1.3429373e+000
 -2.9383187e-001  1.3415583e+000
 -2.9280385e-001  1.3401799e+000
 -2.9177515e-001  1.3388020e+000
 -2.9074577e-001  1.3374245e+000
 -2.8971572e-001  1.3360476e+000
 -2.8868498e-001  1.3346712e+000
 -2.8765356e-001  1.3332953e+000
 -2.8662146e-001  1.3319199e+000
 -2.8558868e-001  1.3305451e+000
 -2.8455521e-001  1.3291707e+000
 -2.8352106e-001  1.3277968e+000
 -2.8248623e-001  1.3264235e+000
 -2.8145072e-001  1.3250507e+000
 -2.8041453e-001  1.3236784e+000
 -2.7937765e-001  1.3223066e+000
 -2.7834008e-001  1.3209353e+000
 -2.7730183e-001  1.3195646e+000
 -2.7626290e-001  1.3181944e+000
 -2.7522328e-001  1.3168247e+000
 -2.7418297e-001  1.3154555e+000
 -2.7314198e-001  1.3140868e+000
 -2.7210030e-001  1.3127187e+000
 -2.7105793e-001  1.3113510e+000
 -2.7001488e-001  1.3099839e+000
 -2.6897114e-001  1.3086174e+000
 -2.6792671e-001  1.3072513e+000
 -2.6688159e-001  1.3058858e+000
 -2.6583578e-001  1.3045208e+000
 -2.6478928e-001  1.3031563e+000
 -2.6374210e-001  1.3017924e+000
 -2.6269422e-001  1.3004290e+000
 -2.6164565e-001  1.2990661e+000
 -2.6059639e-001  1.2977038e+000
 -2.5954645e-001  1.2963420e+000
 -2.5849580e-001  1.2949807e+000
 -2.5744447e-001  1.2936200e+000
 -2.5639245e-001  1.2922598e+000
 -2.5533973e-001  1.2909001e+000
 -2.5428632e-001  1.2895410e+000
 -2.5323221e-001  1.2881824e+000
 -2.5217742e-001  1.2868243e+000
 -2.5112192e-001  1.2854668e+000
 -2.5006574e-001  1.2841098e+000
 -2.4900886e-001  1.2827534e+000
 -2.4795128e-001  1.2813975e+000
 -2.4689301e-001  1.2800421e+000
 -2.4583404e-001  1.2786873e+000
 -2.4477437e-001  1.2773331e+000
 -2.4371401e-001  1.2759794e+000
 -2.4265295e-001  1.2746262e+000
 -2.4159120e-001  1.2732736e+000
 -2.4052875e-001  1.2719215e+000
 -2.3946559e-001  1.2705700e+000
 -2.3840174e-001  1.2692190e+000
 -2.3733720e-001  1.2678686e+000
 -2.3627195e-001  1.2665187e+000
 -2.3520600e-001  1.2651694e+000
 -2.3413935e-001  1.2638206e+000
 -2.3307201e-001  1.2624724e+000
 -2.3200396e-001  1.2611247e+000
 -2.3093521e-001  1.2597776e+000
 -2.2986576e-001  1.2584311e+000
 -2.2879561e-001  1.2570851e+000
 -2.2772476e-001  1.2557396e+000
 -2.2665320e-001  1.2543948e+000
 -2.2558095e-001  1.2530505e+000
 -2.2450799e-001  1.2517067e+000
 -2.2343432e-001  1.2503635e+000
 -2.2235995e-001  1.2490209e+000
 -2.2128488e-001  1.2476788e+000
 -2.2020911e-001  1.2463373e+000
 -2.1913263e-001  1.2449964e+000
 -2.1805544e-001  1.2436560e+000
 -2.1697756e-001  1.2423162e+000
 -2.1589896e-001  1.2409770e+000
 -2.1481966e-001  1.2396383e+000
 -2.1373965e-001  1.2383002e+000
 -2.1265894e-001  1.2369627e+000
 -2.1157752e-001  1.2356257e+000
 -2.1049539e-001  1.2342894e+000
 -2.0941256e-001  1.2329536e+000
 -2.0832901e-001  1.2316183e+000
 -2.0724476e-001  1.2302837e+000
 -2.0615980e-001  1.2289496e+000
 -2.0507414e-001  1.2276161e+000
 -2.0398776e-001  1.2262831e+000
 -2.0290067e-001  1.2249508e+000
 -2.0181288e-001  1.2236190e+000
 -2.0072437e-001  1.2222878e+000
 -1.9963516e-001  1.2209572e+000
 -1.9854523e-001  1.2196272e+000
 -1.9745459e-001  1.2182977e+000
 -1.9636325e-001  1.2169689e+000
 -1.9527119e-001  1.2156406e+000
 -1.9417841e-001  1.2143129e+000
 -1.9308493e-001  1.2129858e+000
 -1.9199074e-001  1.2116593e+000
 -1.9089583e-001  1.2103334e+000
 -1.8980021e-001  1.2090080e+000
 -1.8870387e-001  1.2076833e+000
 -1.8760682e-001  1.2063591e+000
 -1.8650906e-001  1.2050355e+000
 -1.8541059e-001  1.2037126e+000
 -1.8431139e-001  1.2023902e+000
 -1.8321149e-001  1.2010684e+000
 -1.8211087e-001  1.1997472e+000
 -1.8100953e-001  1.1984266e+000
 -1.7990748e-001  1.1971066e+000
 -1.7880472e-001  1.1957872e+000
 -1.7770123e-001  1.1944684e+000
 -1.7659704e-001  1.1931502e+000
 -1.7549212e-001  1.1918326e+000
 -1.7438649e-001  1.1905156e+000
 -1.7328014e-001  1.1891992e+000
 -1.7217307e-001  1.1878834e+000
 -1.7106529e-001  1.1865682e+000
 -1.6995678e-001  1.1852536e+000
 -1.6884756e-001  1.1839396e+000
 -1.6773762e-001  1.1826263e+000
 -1.6662696e-001  1.1813135e+000
 -1.6551558e-001  1.1800014e+000
 -1.6440349e-001  1.1786898e+000
 -1.6329067e-001  1.1773789e+000
 -1.6217713e-001  1.1760685e+000
 -1.6106288e-001  1.1747588e+000
 -1.5994790e-001  1.1734497e+000
 -1.5883220e-001  1.1721412e+000
 -1.5771578e-001  1.1708334e+000
 -1.5659864e-001  1.1695261e+000
 -1.5548078e-001  1.1682195e+000
 -1.5436220e-001  1.1669135e+000
 -1.5324290e-001  1.1656081e+000
 -1.5212287e-001  1.1643033e+000
 -1.5100212e-001  1.1629991e+000
 -1.4988065e-001  1.1616956e+000
 -1.4875845e-001  1.1603927e+000
 -1.4763554e-001  1.1590904e+000
 -1.4651189e-001  1.1577887e+000
 -1.4538753e-001  1.1564877e+000
 -1.4426244e-001  1.1551872e+000
 -1.4313663e-001  1.1538874e+000
 -1.4201009e-001  1.1525883e+000
 -1.4088283e-001  1.1512897e+000
 -1.3975484e-001  1.1499918e+000
 -1.3862613e-001  1.1486946e+000
 -1.3749670e-001  1.1473979e+000
 -1.3636654e-001  1.1461019e+000
 -1.3523565e-001  1.1448065e+000
 -1.3410403e-001  1.1435118e+000
 -1.3297170e-001  1.1422177e+000
 -1.3183863e-001  1.1409242e+000
 -1.3070484e-001  1.1396314e+000
 -1.2957032e-001  1.1383392e+000
 -1.2843507e-001  1.1370476e+000
 -1.2729910e-001  1.1357567e+000
 -1.2616240e-001  1.1344664e+000
 -1.2502497e-001  1.1331767e+000
 -1.2388682e-001  1.1318878e+000
 -1.2274793e-001  1.1305994e+000
 -1.2160832e-001  1.1293117e+000
 -1.2046798e-001  1.1280246e+000
 -1.1932691e-001  1.1267382e+000
 -1.1818511e-001  1.1254524e+000
 -1.1704259e-001  1.1241673e+000
 -1.1589933e-001  1.1228828e+000
 -1.1475534e-001  1.1215990e+000
 -1.1361063e-001  1.1203158e+000
 -1.1246518e-001  1.1190333e+000
 -1.1131901e-001  1.1177514e+000
 -1.1017210e-001  1.1164702e+000
 -1.0902447e-001  1.1151896e+000
 -1.0787610e-001  1.1139097e+000
 -1.0672701e-001  1.1126305e+000
 -1.0557718e-001  1.1113519e+000
 -1.0442662e-001  1.1100739e+000
 -1.0327533e-001  1.1087967e+000
 -1.0212331e-001  1.1075200e+000
 -1.0097056e-001  1.1062441e+000
 -9.9817075e-002  1.1049688e+000
 -9.8662858e-002  1.1036941e+000
 -9.7507910e-002  1.1024202e+000
 -9.6352230e-002  1.1011469e+000
 -9.5195817e-002  1.0998742e+000
 -9.4038671e-002  1.0986022e+000
 -9.2880793e-002  1.0973309e+000
 -9.1722182e-002  1.0960603e+000
 -9.0562838e-002  1.0947903e+000
 -8.9402761e-002  1.0935210e+000
 -8.8241950e-002  1.0922524e+000
 -8.7080406e-002  1.0909844e+000
 -8.5918128e-002  1.0897171e+000
 -8.4755117e-002  1.0884505e+000
 -8.3591371e-002  1.0871845e+000
 -8.2426891e-002  1.0859193e+000
 -8.1261677e-002  1.0846547e+000
 -8.0095729e-002  1.0833908e+000
 -7.8929046e-002  1.0821275e+000
 -7.7761629e-002  1.0808650e+000
 -7.6593477e-002  1.0796031e+000
 -7.5424590e-002  1.0783419e+000
 -7.4254968e-002  1.0770814e+000
 -7.3084610e-002  1.0758216e+000
 -7.1913518e-002  1.0745624e+000
 -7.0741690e-002  1.0733039e+000
 -6.9569126e-002  1.0720462e+000
 -6.8395827e-002  1.0707891e+000
 -6.7221792e-002  1.0695327e+000
 -6.6047021e-002  1.0682769e+000
 -6.4871514e-002  1.0670219e+000
 -6.3695271e-002  1.0657676e+000
 -6.2518292e-002  1.0645139e+000
 -6.1340576e-002  1.0632610e+000
 -6.0162124e-002  1.0620087e+000
 -5.8982936e-002  1.0607571e+000
 -5.7803011e-002  1.0595063e+000
 -5.6622349e-002  1.0582561e+000
 -5.5440950e-002  1.0570066e+000
 -5.4258814e-002  1.0557578e+000
 -5.3075941e-002  1.0545097e+000
 -5.1892331e-002  1.0532623e+000
 -5.0707983e-002  1.0520156e+000
 -4.9522899e-002  1.0507697e+000
 -4.8337077e-002  1.0495244e+000
 -4.7150517e-002  1.0482798e+000
 -4.5963220e-002  1.0470359e+000
 -4.4775185e-002  1.0457927e+000
 -4.3586413e-002  1.0445503e+000
 -4.2396902e-002  1.0433085e+000
 -4.1206654e-002  1.0420674e+000
 -4.0015668e-002  1.0408271e+000
 -3.8823943e-002  1.0395874e+000
 -3.7631481e-002  1.0383485e+000
 -3.6438280e-002  1.0371103e+000
 -3.5244341e-002  1.0358728e+000
 -3.4049664e-002  1.0346360e+000
 -3.2854249e-002  1.0333999e+000
 -3.1658095e-002  1.0321645e+000
 -3.0461202e-002  1.0309299e+000
 -2.9263571e-002  1.0296960e+000
 -2.8065202e-002  1.0284627e+000
 -2.6866093e-002  1.0272302e+000
 -2.5666246e-002  1.0259985e+000
 -2.4465661e-002  1.0247674e+000
 -2.3264336e-002  1.0235371e+000
 -2.2062273e-002  1.0223074e+000
 -2.0859471e-002  1.0210786e+000
 -1.9655930e-002  1.0198504e+000
 -1.8451650e-002  1.0186229e+000
 -1.7246631e-002  1.0173962e+000
 -1.6040873e-002  1.0161702e+000
 -1.4834376e-002  1.0149450e+000
 -1.3627139e-002  1.0137204e+000
 -1.2419164e-002  1.0124966e+000
 -1.1210450e-002  1.0112735e+000
 -1.0000996e-002  1.0100512e+000
 -8.7908039e-003  1.0088296e+000
 -7.5798721e-003  1.0076087e+000
 -6.3682011e-003  1.0063885e+000
 -5.1557909e-003  1.0051691e+000
 -3.9426416e-003  1.0039504e+000
 -2.7287530e-003  1.0027325e+000
 -1.5141252e-003  1.0015153e+000
 -2.9875810e-004  1.0002988e+000
  9.1734818e-004  9.9908307e-001
  2.1341937e-003  9.9786808e-001
  3.3517784e-003  9.9665383e-001
  4.5701023e-003  9.9544032e-001
  5.7891655e-003  9.9422756e-001
  7.0089679e-003  9.9301554e-001
  8.2295094e-003  9.9180426e-001
  9.4507901e-003  9.9059373e-001
  1.0672810e-002  9.8938394e-001
  1.1895569e-002  9.8817490e-001
  1.3119067e-002  9.8696661e-001
  1.4343304e-002  9.8575907e-001
  1.5568281e-002  9.8455228e-001
  1.6793996e-002  9.8334624e-001
  1.8020451e-002  9.8214095e-001
  1.9247644e-002  9.8093641e-001
  2.0475576e-002  9.7973262e-001
  2.1704248e-002  9.7852959e-001
  2.2933658e-002  9.7732732e-001
  2.4163807e-002  9.7612580e-001
  2.5394695e-002  9.7492504e-001
  2.6626321e-002  9.7372503e-001
  2.7858686e-002  9.7252579e-001
  2.9091790e-002  9.7132730e-001
  3.0325633e-002  9.7012958e-001
  3.1560214e-002  9.6893261e-001
  3.2795533e-002  9.6773641e-001
  3.4031591e-002  9.6654097e-001
  3.5268388e-002  9.6534629e-001
  3.6505922e-002  9.6415238e-001
  3.7744195e-002  9.6295924e-001
  3.8983206e-002  9.6176686e-001
  4.0222956e-002  9.6057525e-001
  4.1463443e-002  9.5938441e-001
  4.2704668e-002  9.5819433e-001
  4.3946631e-002  9.5700503e-001
  4.5189332e-002  9.5581650e-001
  4.6432770e-002  9.5462874e-001
  4.7676947e-002  9.5344175e-001
  4.8921860e-002  9.5225554e-001
  5.0167512e-002  9.5107010e-001
  5.1413900e-002  9.4988543e-001
  5.2661026e-002  9.4870154e-001
  5.3908889e-002  9.4751843e-001
  5.5157489e-002  9.4633610e-001
  5.6406826e-002  9.4515454e-001
  5.7656901e-002  9.4397377e-001
  5.8907711e-002  9.4279377e-001
  6.0159259e-002  9.4161456e-001
  6.1411543e-002  9.4043613e-001
  6.2664563e-002  9.3925848e-001
  6.3918320e-002  9.3808162e-001
  6.5172813e-002  9.3690554e-001
  6.6428042e-002  9.3573025e-001
  6.7684007e-002  9.3455574e-001
  6.8940708e-002  9.3338202e-001
  7.0198145e-002  9.3220909e-001
  7.1456317e-002  9.3103695e-001
  7.2715225e-002  9.2986559e-001
  7.3974868e-002  9.2869503e-001
  7.5235246e-002  9.2752526e-001
  7.6496360e-002  9.2635629e-001
  7.7758208e-002  9.2518810e-001
  7.9020791e-002  9.2402071e-001
  8.0284108e-002  9.2285412e-001
  8.1548161e-002  9.2168832e-001
  8.2812947e-002  9.2052332e-001
  8.4078468e-002  9.1935911e-001
  8.5344722e-002  9.1819571e-001
  8.6611711e-002  9.1703310e-001
  8.7879433e-002  9.1587129e-001
  8.9147889e-002  9.1471029e-001
  9.0417078e-002  9.1355008e-001
  9.1687001e-002  9.1239068e-001
  9.2957656e-002  9.1123208e-001
  9.4229044e-002  9.1007429e-001
  9.5501165e-002  9.0891730e-001
  9.6774019e-002  9.0776112e-001
  9.8047605e-002  9.0660574e-001
  9.9321923e-002  9.0545118e-001
  1.0059697e-001  9.0429742e-001
  1.0187275e-001  9.0314446e-001
  1.0314927e-001  9.0199232e-001
  1.0442651e-001  9.0084099e-001
  1.0570449e-001  8.9969048e-001
  1.0698320e-001  8.9854077e-001
  1.0826263e-001  8.9739188e-001
  1.0954280e-001  8.9624380e-001
  1.1082370e-001  8.9509654e-001
  1.1210533e-001  8.9395009e-001
  1.1338769e-001  8.9280446e-001
  1.1467078e-001  8.9165965e-001
  1.1595460e-001  8.9051565e-001
  1.1723915e-001  8.8937248e-001
  1.1852442e-001  8.8823012e-001
  1.1981043e-001  8.8708859e-001
  1.2109716e-001  8.8594787e-001
  1.2238463e-001  8.8480798e-001
  1.2367282e-001  8.8366891e-001
  1.2496174e-001  8.8253067e-001
  1.2625139e-001  8.8139325e-001
  1.2754176e-001  8.8025665e-001
  1.2883286e-001  8.7912089e-001
  1.3012469e-001  8.7798594e-001
  1.3141725e-001  8.7685183e-001
  1.3271053e-001  8.7571855e-001
  1.3400454e-001  8.7458609e-001
  1.3529928e-001  8.7345447e-001
  1.3659474e-001  8.7232367e-001
  1.3789093e-001  8.7119371e-001
  1.3918784e-001  8.7006458e-001
  1.4048548e-001  8.6893629e-001
  1.4178384e-001  8.6780882e-001
  1.4308292e-001  8.6668220e-001
  1.4438274e-001  8.6555641e-001
  1.4568327e-001  8.6443145e-001
  1.4698453e-001  8.6330733e-001
  1.4828651e-001  8.6218405e-001
  1.4958922e-001  8.6106161e-001
  1.5089265e-001  8.5994001e-001
  1.5219680e-001  8.5881925e-001
  1.5350167e-001  8.5769933e-001
  1.5480727e-001  8.5658025e-001
  1.5611358e-001  8.5546202e-001
  1.5742062e-001  8.5434463e-001
  1.5872838e-001  8.5322808e-001
  1.6003686e-001  8.5211238e-001
  1.6134606e-001  8.5099752e-001
  1.6265599e-001  8.4988351e-001
  1.6396663e-001  8.4877035e-001
  1.6527799e-001  8.4765803e-001
  1.6659007e-001  8.4654657e-001
  1.6790287e-001  8.4543595e-001
  1.6921639e-001  8.4432618e-001
  1.7053063e-001  8.4321726e-001
  1.7184558e-001  8.4210920e-001
  1.7316125e-001  8.4100199e-001
  1.7447765e-001  8.3989563e-001
  1.7579475e-001  8.3879012e-001
  1.7711258e-001  8.3768547e-001
  1.7843112e-001  8.3658168e-001
  1.7975038e-001  8.3547874e-001
  1.8107035e-001  8.3437666e-001
  1.8239104e-001  8.3327543e-001
  1.8371244e-001  8.3217507e-001
  1.8503456e-001  8.3107556e-001
  1.8635740e-001  8.2997691e-001
  1.8768094e-001  8.2887912e-001
  1.8900520e-001  8.2778220e-001
  1.9033018e-001  8.2668613e-001
  1.9165587e-001  8.2559093e-001
  1.9298227e-001  8.2449659e-001
  1.9430938e-001  8.2340312e-001
  1.9563720e-001  8.2231051e-001
  1.9696574e-001  8.2121877e-001
  1.9829499e-001  8.2012789e-001
  1.9962495e-001  8.1903788e-001
  2.0095562e-001  8.1794873e-001
  2.0228700e-001  8.1686046e-001
  2.0361909e-001  8.1577305e-001
  2.0495188e-001  8.1468652e-001
  2.0628539e-001  8.1360085e-001
  2.0761961e-001  8.1251605e-001
  2.0895453e-001  8.1143213e-001
  2.1029016e-001  8.1034908e-001
  2.1162650e-001  8.0926690e-001
  2.1296355e-001  8.0818559e-001
  2.1430131e-001  8.0710516e-001
  2.1563976e-001  8.0602561e-001
  2.1697893e-001  8.0494693e-001
  2.1831880e-001  8.0386913e-001
  2.1965938e-001  8.0279220e-001
  2.2100066e-001  8.0171615e-001
  2.2234264e-001  8.0064098e-001
  2.2368533e-001  7.9956669e-001
  2.2502873e-001  7.9849328e-001
  2.2637282e-001  7.9742075e-001
  2.2771762e-001  7.9634910e-001
  2.2906312e-001  7.9527833e-001
  2.3040932e-001  7.9420845e-001
  2.3175623e-001  7.9313945e-001
  2.3310383e-001  7.9207133e-001
  2.3445214e-001  7.9100409e-001
  2.3580114e-001  7.8993774e-001
  2.3715085e-001  7.8887228e-001
  2.3850125e-001  7.8780770e-001
  2.3985235e-001  7.8674401e-001
  2.4120415e-001  7.8568121e-001
  2.4255665e-001  7.8461930e-001
  2.4390985e-001  7.8355827e-001
  2.4526374e-001  7.8249814e-001
  2.4661833e-001  7.8143889e-001
  2.4797361e-001  7.8038053e-001
  2.4932960e-001  7.7932307e-001
  2.5068627e-001  7.7826650e-001
  2.5204364e-001  7.7721082e-001
  2.5340171e-001  7.7615603e-001
  2.5476047e-001  7.7510214e-001
  2.5611992e-001  7.7404914e-001
  2.5748006e-001  7.7299704e-001
  2.5884090e-001  7.7194583e-001
  2.6020243e-001  7.7089552e-001
  2.6156465e-001  7.6984610e-001
  2.6292756e-001  7.6879759e-001
  2.6429116e-001  7.6774997e-001
  2.6565545e-001  7.6670325e-001
  2.6702043e-001  7.6565743e-001
  2.6838610e-001  7.6461251e-001
  2.6975246e-001  7.6356848e-001
  2.7111951e-001  7.6252536e-001
  2.7248724e-001  7.6148315e-001
  2.7385566e-001  7.6044183e-001
  2.7522477e-001  7.5940142e-001
  2.7659456e-001  7.5836190e-001
  2.7796504e-001  7.5732330e-001
  2.7933620e-001  7.5628560e-001
  2.8070805e-001  7.5524880e-001
  2.8208058e-001  7.5421291e-001
  2.8345380e-001  7.5317792e-001
  2.8482769e-001  7.5214384e-001
  2.8620227e-001  7.5111067e-001
  2.8757754e-001  7.5007841e-001
  2.8895348e-001  7.4904705e-001
  2.9033010e-001  7.4801660e-001
  2.9170741e-001  7.4698707e-001
  2.9308539e-001  7.4595844e-001
  2.9446405e-001  7.4493072e-001
  2.9584340e-001  7.4390392e-001
  2.9722342e-001  7.4287802e-001
  2.9995892e-001  7.4084866e-001
