  0.0000000e+000  1.0000000e+000
  3.0332940e-004  9.9408062e-001
  4.5499410e-004  9.9112093e-001
  6.0665880e-004  9.8816124e-001
  7.5832351e-004  9.8520155e-001
  9.0998821e-004  9.8224186e-001
  1.0616529e-003  9.7928217e-001
  1.2133176e-003  9.7632248e-001
  1.3649823e-003  9.7336279e-001
  1.5166470e-003  9.7040310e-001
  1.6683117e-003  9.6744341e-001
  1.8199764e-003  9.6448372e-001
  1.9716411e-003  9.6152403e-001
  2.1233058e-003  9.5856434e-001
  2.2749705e-003  9.5560465e-001
  2.4266352e-003  9.5264496e-001
  2.5782999e-003  9.4968527e-001
  2.8656199e-003  9.4673709e-001
  3.2149712e-003  9.4379418e-001
  3.5643224e-003  9.4085127e-001
  3.9136737e-003  9.3790836e-001
  4.2630250e-003  9.3496545e-001
  4.6495802e-003  9.3202835e-001
  5.2130100e-003  9.2911882e-001
  5.7764398e-003  9.2620930e-001
  6.3398696e-003  9.2329978e-001
  6.9032994e-003  9.2039026e-001
  7.4667292e-003  9.1748074e-001
  8.0301590e-003  9.1457122e-001
  8.5935888e-003  9.1166170e-001
  9.1570186e-003  9.0875217e-001
  9.7204483e-003  9.0584265e-001
  1.0283878e-002  9.0293313e-001
  1.0847308e-002  9.0002361e-001
  1.1410738e-002  8.9711409e-001
  1.1974168e-002  8.9420457e-001
  1.2537597e-002  8.9129505e-001
  1.3101027e-002  8.8838553e-001
  1.3664457e-002  8.8547600e-001
  1.4227887e-002  8.8256648e-001
  1.4791316e-002  8.7965696e-001
  1.5354746e-002  8.7674744e-001
  1.5918176e-002  8.7383792e-001
  1.6742295e-002  8.7099134e-001
  1.7568422e-002  8.6814524e-001
  1.8394550e-002  8.6529914e-001
  1.9220677e-002  8.6245304e-001
  2.0046804e-002  8.5960694e-001
  2.0872931e-002  8.5676084e-001
  2.1699058e-002  8.5391474e-001
  2.2525185e-002  8.5106864e-001
  2.3351313e-002  8.4822254e-001
  2.4177440e-002  8.4537644e-001
  2.5003567e-002  8.4253034e-001
  2.5829694e-002  8.3968424e-001
  2.6655821e-002  8.3683814e-001
  2.7567531e-002  8.3401898e-001
  2.8520139e-002  8.3121268e-001
  2.9472746e-002  8.2840638e-001
  3.0425354e-002  8.2560008e-001
  3.1413310e-002  8.2280617e-001
  3.2419982e-002  8.2001881e-001
  3.3426653e-002  8.1723145e-001
  3.4433324e-002  8.1444408e-001
  3.5501641e-002  8.1167983e-001
  3.6575460e-002  8.0891765e-001
  3.7649278e-002  8.0615546e-001
  3.8723097e-002  8.0339327e-001
  3.9796916e-002  8.0063108e-001
  4.0870735e-002  7.9786890e-001
  4.1986669e-002  7.9512362e-001
  4.3121048e-002  7.9238574e-001
  4.4255427e-002  7.8964787e-001
  4.5425428e-002  7.8692519e-001
  4.6616054e-002  7.8421130e-001
  4.7806679e-002  7.8149742e-001
  4.8997304e-002  7.7878353e-001
  5.0187929e-002  7.7606964e-001
  5.1378555e-002  7.7335576e-001
  5.2604695e-002  7.7065783e-001
  5.3843557e-002  7.6796562e-001
  5.5141501e-002  7.6530172e-001
  5.6463163e-002  7.6264918e-001
  5.7784824e-002  7.5999664e-001
  5.9106486e-002  7.5734409e-001
  6.0428147e-002  7.5469155e-001
  6.1749809e-002  7.5203901e-001
  6.3071471e-002  7.4938647e-001
  6.4393132e-002  7.4673393e-001
  6.5714794e-002  7.4408138e-001
  6.7036455e-002  7.4142884e-001
  6.8358117e-002  7.3877630e-001
  6.9679779e-002  7.3612376e-001
  7.1031166e-002  7.3348655e-001
  7.2434270e-002  7.3087620e-001
  7.3850946e-002  7.2827316e-001
  7.5267622e-002  7.2567013e-001
  7.6700310e-002  7.2307604e-001
  7.8180983e-002  7.2050887e-001
  7.9661655e-002  7.1794170e-001
  8.1142328e-002  7.1537453e-001
  8.2623001e-002  7.1280735e-001
  8.4103674e-002  7.1024018e-001
  8.5584347e-002  7.0767301e-001
  8.7065020e-002  7.0510584e-001
  8.8545693e-002  7.0253866e-001
  9.0026366e-002  6.9997149e-001
  9.1551826e-002  6.9743083e-001
  9.3159298e-002  6.9494109e-001
  9.4766771e-002  6.9245135e-001
  9.6374243e-002  6.8996161e-001
  9.7981715e-002  6.8747187e-001
  9.9589188e-002  6.8498214e-001
  1.0119666e-001  6.8249240e-001
  1.0280413e-001  6.8000266e-001
  1.0441160e-001  6.7751292e-001
  1.0601908e-001  6.7502318e-001
  1.0762655e-001  6.7253344e-001
  1.0923402e-001  6.7004370e-001
  1.1084149e-001  6.6755396e-001
  1.1244897e-001  6.6506422e-001
  1.1405644e-001  6.6257449e-001
  1.1566391e-001  6.6008475e-001
  1.1727138e-001  6.5759501e-001
  1.1900990e-001  6.5519727e-001
  1.2080561e-001  6.5283969e-001
  1.2260132e-001  6.5048211e-001
  1.2439703e-001  6.4812453e-001
  1.2619275e-001  6.4576695e-001
  1.2798846e-001  6.4340937e-001
  1.2978417e-001  6.4105179e-001
  1.3157988e-001  6.3869421e-001
  1.3337559e-001  6.3633663e-001
  1.3517130e-001  6.3397904e-001
  1.3696702e-001  6.3162146e-001
  1.3876273e-001  6.2926388e-001
  1.4055844e-001  6.2690630e-001
  1.4235415e-001  6.2454872e-001
  1.4414986e-001  6.2219114e-001
  1.4594557e-001  6.1983356e-001
  1.4774129e-001  6.1747598e-001
  1.4953700e-001  6.1511840e-001
  1.5133271e-001  6.1276082e-001
  1.5312842e-001  6.1040324e-001
  1.5492413e-001  6.0804566e-001
  1.5671984e-001  6.0568807e-001
  1.5851555e-001  6.0333049e-001
  1.6031127e-001  6.0097291e-001
  1.6210698e-001  5.9861533e-001
  1.6390269e-001  5.9625775e-001
  1.6569840e-001  5.9390017e-001
  1.6749411e-001  5.9154259e-001
  1.6928982e-001  5.8918501e-001
  1.7108554e-001  5.8682743e-001
  1.7288125e-001  5.8446985e-001
  1.7467696e-001  5.8211227e-001
  1.7655253e-001  5.7981853e-001
  1.7846330e-001  5.7755320e-001
  1.8037915e-001  5.7529217e-001
  1.8229995e-001  5.7303534e-001
  1.8423800e-001  5.7079331e-001
  1.8617605e-001  5.6855127e-001
  1.8811410e-001  5.6630924e-001
  1.9005215e-001  5.6406720e-001
  1.9199686e-001  5.6183098e-001
  1.9395910e-001  5.5961008e-001
  1.9592133e-001  5.5738918e-001
  1.9788357e-001  5.5516828e-001
  1.9985248e-001  5.5295331e-001
  2.0183791e-001  5.5075323e-001
  2.0384928e-001  5.4857673e-001
  2.0586065e-001  5.4640022e-001
  2.0787202e-001  5.4422372e-001
  2.0988339e-001  5.4204722e-001
  2.1189476e-001  5.3987072e-001
  2.1390613e-001  5.3769422e-001
  2.1591750e-001  5.3551772e-001
  2.1792887e-001  5.3334122e-001
  2.1994024e-001  5.3116472e-001
  2.2195161e-001  5.2898822e-001
  2.2396298e-001  5.2681172e-001
  2.2597435e-001  5.2463522e-001
  2.2802624e-001  5.2249690e-001
  2.3008008e-001  5.2036043e-001
  2.3213391e-001  5.1822396e-001
  2.3418775e-001  5.1608748e-001
  2.3624404e-001  5.1395339e-001
  2.3832513e-001  5.1184346e-001
  2.4040622e-001  5.0973352e-001
  2.4248732e-001  5.0762359e-001
  2.4456841e-001  5.0551366e-001
  2.4664950e-001  5.0340373e-001
  2.4873060e-001  5.0129379e-001
  2.5081474e-001  4.9918689e-001
  2.5291464e-001  4.9709568e-001
  2.5502052e-001  4.9501050e-001
  2.5712994e-001  4.9292888e-001
  2.5923936e-001  4.9084726e-001
  2.6136494e-001  4.8878220e-001
  2.6349591e-001  4.8672266e-001
  2.6562689e-001  4.8466312e-001
  2.6775786e-001  4.8260357e-001
  2.6988884e-001  4.8054403e-001
  2.7201981e-001  4.7848449e-001
  2.7415078e-001  4.7642494e-001
  2.7629470e-001  4.7437908e-001
  2.7846832e-001  4.7236459e-001
  2.8064194e-001  4.7035011e-001
  2.8281557e-001  4.6833563e-001
  2.8498919e-001  4.6632115e-001
  2.8716281e-001  4.6430667e-001
  2.8933643e-001  4.6229219e-001
  2.9151005e-001  4.6027771e-001
  2.9368368e-001  4.5826322e-001
  2.9585730e-001  4.5624874e-001
  2.9803092e-001  4.5423426e-001
  3.0020454e-001  4.5221978e-001
  3.0237816e-001  4.5020530e-001
  3.0455178e-001  4.4819082e-001
  3.0672541e-001  4.4617634e-001
  3.0892576e-001  4.4419112e-001
  3.1113229e-001  4.4221276e-001
  3.1334509e-001  4.4024139e-001
  3.1555788e-001  4.3827001e-001
  3.1777067e-001  4.3629864e-001
  3.1998568e-001  4.3432977e-001
  3.2221575e-001  4.3237796e-001
  3.2444581e-001  4.3042615e-001
  3.2667588e-001  4.2847433e-001
  3.2890594e-001  4.2652252e-001
  3.3113601e-001  4.2457070e-001
  3.3336758e-001  4.2262062e-001
  3.3560988e-001  4.2068287e-001
  3.3785534e-001  4.1874880e-001
  3.4010263e-001  4.1681684e-001
  3.4236092e-001  4.1489775e-001
  3.4461926e-001  4.1297873e-001
  3.4687760e-001  4.1105971e-001
  3.4913595e-001  4.0914069e-001
  3.5139429e-001  4.0722166e-001
  3.5365854e-001  4.0530963e-001
  3.5592817e-001  4.0340396e-001
  3.5820863e-001  4.0151128e-001
  3.6048909e-001  3.9961859e-001
  3.6276955e-001  3.9772591e-001
  3.6505002e-001  3.9583322e-001
  3.6733048e-001  3.9394054e-001
  3.6961094e-001  3.9204785e-001
  3.7190310e-001  3.9016937e-001
  3.7419887e-001  3.8829528e-001
  3.7649464e-001  3.8642120e-001
  3.7879041e-001  3.8454711e-001
  3.8108943e-001  3.8267702e-001
  3.8339367e-001  3.8081336e-001
  3.8570041e-001  3.7895279e-001
  3.8801018e-001  3.7709599e-001
  3.9032686e-001  3.7524786e-001
  3.9265788e-001  3.7341780e-001
  3.9498890e-001  3.7158774e-001
  3.9731992e-001  3.6975768e-001
  3.9965094e-001  3.6792762e-001
  4.0198196e-001  3.6609756e-001
  4.0431298e-001  3.6426750e-001
  4.0664399e-001  3.6243744e-001
  4.0897501e-001  3.6060738e-001
  4.1130603e-001  3.5877732e-001
  4.1363705e-001  3.5694726e-001
  4.1596807e-001  3.5511720e-001
  4.1829909e-001  3.5328714e-001
  4.2063011e-001  3.5145708e-001
  4.2297043e-001  3.4963900e-001
  4.2532477e-001  3.4783907e-001
  4.2768642e-001  3.4604871e-001
  4.3004807e-001  3.4425836e-001
  4.3240972e-001  3.4246800e-001
  4.3477137e-001  3.4067764e-001
  4.3713301e-001  3.3888728e-001
  4.3949466e-001  3.3709692e-001
  4.4185631e-001  3.3530656e-001
  4.4421796e-001  3.3351620e-001
  4.4658353e-001  3.3173105e-001
  4.4895754e-001  3.2995711e-001
  4.5133957e-001  3.2819397e-001
  4.5372180e-001  3.2643108e-001
  4.5610402e-001  3.2466819e-001
  4.5848624e-001  3.2290529e-001
  4.6086846e-001  3.2114240e-001
  4.6325068e-001  3.1937951e-001
  4.6564861e-001  3.1763816e-001
  4.6805486e-001  3.1590821e-001
  4.7046112e-001  3.1417826e-001
  4.7286737e-001  3.1244831e-001
  4.7527362e-001  3.1071836e-001
  4.7767987e-001  3.0898841e-001
  4.8008612e-001  3.0725846e-001
  4.8249237e-001  3.0552851e-001
  4.8489862e-001  3.0379856e-001
  4.8730487e-001  3.0206861e-001
  4.8971112e-001  3.0033866e-001
  4.9211737e-001  2.9860871e-001
  4.9452362e-001  2.9687876e-001
  4.9692987e-001  2.9514881e-001
  4.9933612e-001  2.9341886e-001
  5.0174237e-001  2.9168891e-001
  5.0415412e-001  2.8996675e-001
  5.0658876e-001  2.8827699e-001
  5.0902340e-001  2.8658723e-001
  5.1145804e-001  2.8489747e-001
  5.1389269e-001  2.8320771e-001
  5.1632733e-001  2.8151795e-001
  5.1876197e-001  2.7982819e-001
  5.2119661e-001  2.7813843e-001
  5.2363125e-001  2.7644867e-001
  5.2606589e-001  2.7475891e-001
  5.2850054e-001  2.7306915e-001
  5.3093518e-001  2.7137939e-001
  5.3336982e-001  2.6968963e-001
  5.3581112e-001  2.6800954e-001
  5.3825935e-001  2.6633953e-001
  5.4071014e-001  2.6467329e-001
  5.4316094e-001  2.6300704e-001
  5.4561982e-001  2.6135279e-001
  5.4808347e-001  2.5970561e-001
  5.5054712e-001  2.5805843e-001
  5.5301077e-001  2.5641126e-001
  5.5547442e-001  2.5476408e-001
  5.5793807e-001  2.5311690e-001
  5.6040172e-001  2.5146973e-001
  5.6286537e-001  2.4982255e-001
  5.6532902e-001  2.4817537e-001
  5.6779267e-001  2.4652819e-001
  5.7025632e-001  2.4488102e-001
  5.7271997e-001  2.4323384e-001
  5.7518671e-001  2.4159132e-001
  5.7766511e-001  2.3996641e-001
  5.8014350e-001  2.3834151e-001
  5.8262190e-001  2.3671660e-001
  5.8510029e-001  2.3509170e-001
  5.8757869e-001  2.3346679e-001
  5.9006154e-001  2.3184871e-001
  5.9254739e-001  2.3023523e-001
  5.9503324e-001  2.2862175e-001
  5.9751909e-001  2.2700827e-001
  6.0000994e-001  2.2540254e-001
  6.0250302e-001  2.2380025e-001
  6.0499609e-001  2.2219795e-001
  6.0748916e-001  2.2059565e-001
  6.0998224e-001  2.1899336e-001
  6.1247590e-001  2.1739198e-001
  6.1497493e-001  2.1579899e-001
  6.1747395e-001  2.1420599e-001
  6.1997531e-001  2.1261666e-001
  6.2247779e-001  2.1102910e-001
  6.2498145e-001  2.0944340e-001
  6.2748724e-001  2.0786106e-001
  6.2999344e-001  2.0627938e-001
  6.3250475e-001  2.0470582e-001
  6.3501606e-001  2.0313227e-001
  6.3752738e-001  2.0155871e-001
  6.4003869e-001  1.9998516e-001
  6.4255000e-001  1.9841160e-001
  6.4506563e-001  1.9684498e-001
  6.4758526e-001  1.9528478e-001
  6.5010489e-001  1.9372457e-001
  6.5262452e-001  1.9216437e-001
  6.5514415e-001  1.9060417e-001
  6.5766378e-001  1.8904397e-001
  6.6018341e-001  1.8748376e-001
  6.6270941e-001  1.8593388e-001
  6.6523573e-001  1.8438454e-001
  6.6776204e-001  1.8283519e-001
  6.7028996e-001  1.8128845e-001
  6.7281964e-001  1.7974459e-001
  6.7535149e-001  1.7820431e-001
  6.7788446e-001  1.7666585e-001
  6.8041743e-001  1.7512740e-001
  6.8295183e-001  1.7359131e-001
  6.8549152e-001  1.7206400e-001
  6.8803368e-001  1.7054078e-001
  6.9057584e-001  1.6901756e-001
  6.9311800e-001  1.6749434e-001
  6.9566016e-001  1.6597113e-001
  6.9820232e-001  1.6444791e-001
  7.0074448e-001  1.6292469e-001
  7.0328664e-001  1.6140148e-001
  7.0582880e-001  1.5987826e-001
  7.0837096e-001  1.5835504e-001
  7.1091869e-001  1.5684118e-001
  7.1346792e-001  1.5532982e-001
  7.1601902e-001  1.5382162e-001
  7.1857094e-001  1.5231481e-001
  7.2112616e-001  1.5081361e-001
  7.2368239e-001  1.4931412e-001
  7.2623861e-001  1.4781463e-001
  7.2879484e-001  1.4631513e-001
  7.3135106e-001  1.4481564e-001
  7.3390729e-001  1.4331615e-001
  7.3646744e-001  1.4182337e-001
  7.3902878e-001  1.4033263e-001
  7.4159104e-001  1.3884347e-001
  7.4415517e-001  1.3735753e-001
  7.4671965e-001  1.3587221e-001
  7.4928553e-001  1.3438930e-001
  7.5185458e-001  1.3291188e-001
  7.5442362e-001  1.3143446e-001
  7.5699267e-001  1.2995704e-001
  7.5956172e-001  1.2847962e-001
  7.6213076e-001  1.2700220e-001
  7.6470416e-001  1.2553240e-001
  7.6728164e-001  1.2406975e-001
  7.6985912e-001  1.2260709e-001
  7.7243661e-001  1.2114444e-001
  7.7501409e-001  1.1968179e-001
  7.7759157e-001  1.1821914e-001
  7.8016905e-001  1.1675649e-001
  7.8274654e-001  1.1529383e-001
  7.8532402e-001  1.1383118e-001
  7.8790150e-001  1.1236853e-001
  7.9048179e-001  1.1091084e-001
  7.9306600e-001  1.0946011e-001
  7.9565021e-001  1.0800938e-001
  7.9823552e-001  1.0656062e-001
  8.0082460e-001  1.0511858e-001
  8.0341367e-001  1.0367655e-001
  8.0600274e-001  1.0223452e-001
  8.0859182e-001  1.0079248e-001
  8.1118089e-001  9.9350447e-002
  8.1376997e-001  9.7908413e-002
  8.1637310e-001  9.6491940e-002
  8.1897710e-001  9.5077030e-002
  8.2158110e-001  9.3662121e-002
  8.2418509e-001  9.2247211e-002
  8.2678909e-001  9.0832302e-002
  8.2939309e-001  8.9417393e-002
  8.3199708e-001  8.8002483e-002
  8.3460108e-001  8.6587574e-002
  8.3720508e-001  8.5172664e-002
  8.3980907e-001  8.3757755e-002
  8.4241307e-001  8.2342846e-002
  8.4501707e-001  8.0927936e-002
  8.4762106e-001  7.9513027e-002
  8.5022506e-001  7.8098117e-002
  8.5282906e-001  7.6683208e-002
  8.5543305e-001  7.5268298e-002
  8.5803705e-001  7.3853389e-002
  8.6064105e-001  7.2438480e-002
  8.6324504e-001  7.1023570e-002
  8.6584904e-001  6.9608661e-002
  8.6845304e-001  6.8193751e-002
  8.7105703e-001  6.6778842e-002
  8.7366103e-001  6.5363932e-002
  8.7626503e-001  6.3949023e-002
  8.7886902e-001  6.2534114e-002
  8.8147891e-001  6.1130164e-002
  8.8409559e-001  5.9738845e-002
  8.8671226e-001  5.8347526e-002
  8.8932962e-001  5.6957482e-002
  8.9194884e-001  5.5570959e-002
  8.9456913e-001  5.4186450e-002
  8.9718941e-001  5.2801942e-002
  8.9980970e-001  5.1417433e-002
  9.0243521e-001  5.0042866e-002
  9.0506146e-001  4.8669696e-002
  9.0768771e-001  4.7296527e-002
  9.1031395e-001  4.5923358e-002
  9.1294020e-001  4.4550189e-002
  9.1556645e-001  4.3177020e-002
  9.1819269e-001  4.1803850e-002
  9.2081894e-001  4.0430681e-002
  9.2344519e-001  3.9057512e-002
  9.2607143e-001  3.7684343e-002
  9.2869768e-001  3.6311174e-002
  9.3132906e-001  3.4947865e-002
  9.3396085e-001  3.3585351e-002
  9.3659264e-001  3.2222836e-002
  9.3922649e-001  3.0864313e-002
  9.4186083e-001  2.9506719e-002
  9.4449516e-001  2.8149124e-002
  9.4713085e-001  2.6794167e-002
  9.4976709e-001  2.5440299e-002
  9.5240537e-001  2.4090378e-002
  9.5504364e-001  2.2740458e-002
  9.5768191e-001  2.1390538e-002
  9.6032025e-001  2.0040737e-002
  9.6296071e-001  1.8695117e-002
  9.6560168e-001  1.7350475e-002
  9.6824435e-001  1.6009191e-002
  9.7088703e-001  1.4667906e-002
  9.7352970e-001  1.3326621e-002
  9.7617274e-001  1.1986065e-002
  9.7882007e-001  1.0653982e-002
  9.8146739e-001  9.3218983e-003
  9.8411471e-001  7.9898151e-003
  9.8676204e-001  6.6577319e-003
  9.8940936e-001  5.3256487e-003
  9.9205668e-001  3.9935655e-003
  9.9470401e-001  2.6614823e-003
  9.9889530e-001  5.5250302e-004
